-0.16908926275527025
-0.1690524049239042
-0.169014744045289
-0.16902307738079617
-0.16907985939165196
-0.16908378513401653
-0.16904612370292355
-0.16901416322874255
-0.16902778605966304
-0.1690837125696274
-0.1690807806762558
-0.1690447415801465
-0.16901196403204627
-0.1690331730107864
-0.1690878399948164
-0.16908019793581186
-0.16904027123718363
-0.16900666759840852
-0.16903859940007526
-0.16909278202632172
-0.16907709741613342
-0.1690318157473808
-0.1690036557873838
-0.16904872400308293
-0.16909656666612705
-0.16907120739391734
-0.1690249137260628
-0.16900540285622953
-0.16906150844187684
-0.16909732952324932
-0.16906445026905867
-0.16901977601916657
-0.1690087837330386
-0.16906942996093038
-0.16909369812501704
-0.16905776550845764
-0.16901607122927334
-0.16901202092860354
-0.16907695909885467
-0.16909176966908498
-0.1690540204052553
-0.16901235909917411
-0.16901736033372028
-0.1690847459685584
-0.16909035534667233
-0.1690483845286935
-0.16900663034068159
-0.169023353674278
-0.16909124149511667
-0.16908618459849675
-0.16904015517532986
-0.16900291923548252
-0.16903287494407127
-0.1690955833107028
-0.16908055117109574
-0.1690339030860758
-0.1690027459071656
-0.16904459300221503
-0.1690985477464925
-0.16907499697387368
-0.16902883385609505
-0.16900287426061428
-0.16905344993908938
-0.16909778695824823
-0.1690688542354479
-0.1690228851712469
-0.16900341116394954
-0.1690632320283252
-0.1690979332753189
-0.16906372791446922
-0.1690175896364938
-0.1690076265523334
-0.16907413362665552
-0.16909667012755825
-0.16905715253830644
-0.16901176533642115
-0.1690131654189529
-0.16908223578136605
-0.16909188428379893
-0.1690491567288652
-0.16900844836248746
-0.1690205713598173
-0.1690871666020951
-0.1690865883140763
-0.1690441211692388
-0.16900740673820153
-0.16902932050684616
-0.1690918027628462
-0.16908292959396737
-0.16903991544250532
-0.16900522540599103
-0.16903656773674477
-0.16909410318891663
-0.16907846621163136
-0.16903274720862022
-0.16900284987917757
-0.1690462807512226
-0.16909717678664093
-0.1690729358867949
-0.16902628585280982
         326008106 function calls in 134.035 seconds

   Ordered by: cumulative time

   ncalls  tottime  percall  cumtime  percall filename:lineno(function)
        1    0.000    0.000  134.035  134.035 {built-in method builtins.exec}
        1    0.000    0.000  134.035  134.035 nbody.py:1(<module>)
        1    0.585    0.585  134.035  134.035 nbody.py:124(nbody)
  2000000   26.870    0.000  133.444    0.000 nbody.py:66(advance)
 20000000   32.544    0.000   97.226    0.000 nbody.py:53(update_vs)
120000000   27.843    0.000   64.682    0.000 nbody.py:46(compute_b)
120000000   36.839    0.000   36.839    0.000 nbody.py:50(compute_mag)
 10000000    3.408    0.000    3.408    0.000 nbody.py:61(update_rs)
 20002000    3.212    0.000    3.212    0.000 nbody.py:43(compute_deltas)
 20002000    1.574    0.000    1.574    0.000 {method 'append' of 'list' objects}
 14001401    1.155    0.000    1.155    0.000 {method 'keys' of 'dict' objects}
      200    0.003    0.000    0.004    0.000 nbody.py:87(report_energy)
      100    0.001    0.000    0.002    0.000 {built-in method builtins.print}
     2000    0.001    0.000    0.001    0.000 nbody.py:84(compute_energy)
      200    0.000    0.000    0.000    0.000 cp1252.py:18(encode)
      200    0.000    0.000    0.000    0.000 {built-in method _codecs.charmap_encode}
        1    0.000    0.000    0.000    0.000 nbody.py:107(offset_momentum)
        1    0.000    0.000    0.000    0.000 {method 'disable' of '_lsprof.Profiler' objects}


